spawns:
  default:
    world: 16479555-9663-4146-9ddf-c89754e1dd7d
    world-name: world
    x: 24.505049457302817
    y: 145.0
    z: 105.55689669341098
    yaw: -0.197998046875
    pitch: -8.91749382019043
